Symmetrized matrix :

[30.492, 4.974, 4.434, 2.63]
[4.974, 25.009, 5.868, 2.672]
[4.434, 5.868, 80.21, 6.28]
[2.63, 2.672, 6.28, 23.268]

Position of max element: 6.28 is 2 3 
Matrix U0
[1, 0, 0, 0]
[0, 1, 0, 0]
[0, 0, 0.994, -0.108]
[0, 0, 0.108, 0.994]
Matrix A0
[30.492, 4.974, 4.693, 2.134]
[4.974, 25.009, 6.123, 2.02]
[4.693, 6.123, 80.895, 0.0]
[2.134, 2.02, 0.0, 22.583]

Position of max element: 6.123 is 1 2 
Matrix U1
[1, 0, 0, 0]
[0, 0.994, 0.108, 0]
[0, -0.108, 0.994, 0]
[0, 0, 0, 1]
Matrix A1
[30.492, 4.44, 5.201, 2.134]
[4.44, 24.346, -0.0, 2.008]
[5.201, -0.0, 81.558, 0.217]
[2.134, 2.008, 0.217, 22.583]

Position of max element: 5.201 is 0 2 
Matrix U2
[0.995, 0, 0.1, 0]
[0, 1, 0, 0]
[-0.1, 0, 0.995, 0]
[0, 0, 0, 1]
Matrix A2
[29.968, 4.417, 0.0, 2.101]
[4.417, 24.346, 0.445, 2.008]
[0.0, 0.445, 82.082, 0.43]
[2.101, 2.008, 0.43, 22.583]

Position of max element: 4.417 is 0 1 
Matrix U3
[0.877, -0.481, 0, 0]
[0.481, 0.877, 0, 0]
[0, 0, 1, 0]
[0, 0, 0, 1]
Matrix A3
[32.393, 0.0, 0.214, 2.808]
[-0.0, 21.922, 0.39, 0.749]
[0.214, 0.39, 82.082, 0.43]
[2.808, 0.749, 0.43, 22.583]

Position of max element: 2.808 is 0 3 
Matrix U4
[0.966, 0, 0, -0.257]
[0, 1, 0, 0]
[0, 0, 1, 0]
[0.257, 0, 0, 0.966]
Matrix A4
[33.14, 0.193, 0.318, -0.0]
[0.193, 21.922, 0.39, 0.724]
[0.318, 0.39, 82.082, 0.361]
[0.0, 0.724, 0.361, 21.836]

Position of max element: 0.724 is 1 3 
Matrix U5
[1, 0, 0, 0]
[0, 0.728, 0, -0.686]
[0, 0, 1, 0]
[0, 0.686, 0, 0.728]
Matrix A5
[33.14, 0.14, 0.318, -0.132]
[0.14, 22.604, 0.532, 0.0]
[0.318, 0.532, 82.082, -0.005]
[-0.132, 0.0, -0.005, 21.153]

Position of max element: 0.532 is 1 2 
Matrix U6
[1, 0, 0, 0]
[0, 1.0, 0.009, 0]
[0, -0.009, 1.0, 0]
[0, 0, 0, 1]
Matrix A6
[33.14, 0.137, 0.319, -0.132]
[0.137, 22.6, -0.0, 0.0]
[0.319, -0.0, 82.087, -0.005]
[-0.132, 0.0, -0.005, 21.153]

Position of max element: 0.319 is 0 2 
Matrix U7
[1.0, 0, 0.007, 0]
[0, 1, 0, 0]
[-0.007, 0, 1.0, 0]
[0, 0, 0, 1]
Matrix A7
[33.138, 0.137, -0.0, -0.132]
[0.137, 22.6, 0.001, 0.0]
[0.0, 0.001, 82.089, -0.006]
[-0.132, 0.0, -0.006, 21.153]

Position of max element: 0.137 is 0 1 
Matrix U8
[1.0, -0.013, 0, 0]
[0.013, 1.0, 0, 0]
[0, 0, 1, 0]
[0, 0, 0, 1]
Matrix A8
[33.14, 0.0, 0.0, -0.132]
[-0.0, 22.598, 0.001, 0.002]
[0.0, 0.001, 82.089, -0.006]
[-0.132, 0.002, -0.006, 21.153]

Position of max element: -0.132 is 0 3 
Matrix U9
[1.0, 0, 0, 0.011]
[0, 1, 0, 0]
[0, 0, 1, 0]
[-0.011, 0, 0, 1.0]
Matrix A9
[33.141, -0.0, 0.0, 0.0]
[-0.0, 22.598, 0.001, 0.002]
[0.0, 0.001, 82.089, -0.006]
[0.0, 0.002, -0.006, 21.152]

Position of max element: -0.006 is 2 3 
Matrix U10
[1, 0, 0, 0]
[0, 1, 0, 0]
[0, 0, 1.0, 0.0]
[0, 0, -0.0, 1.0]
Matrix A10
[33.141, -0.0, 0.0, 0.0]
[-0.0, 22.598, 0.001, 0.002]
[0.0, 0.001, 82.089, 0.0]
[0.0, 0.002, 0.0, 21.152]

Position of max element: 0.002 is 1 3 
Matrix U11
[1, 0, 0, 0]
[0, 1.0, 0, -0.001]
[0, 0, 1, 0]
[0, 0.001, 0, 1.0]
Matrix A11
[33.141, -0.0, 0.0, 0.0]
[-0.0, 22.598, 0.001, 0.0]
[0.0, 0.001, 82.089, -0.0]
[0.0, -0.0, -0.0, 21.152]

